grid_km=20.0, folds=5, bins=10
overall_brier=0.132513
overall_ece=0.030208
